$ANSIBLE_VAULT;1.1;AES256
32386531333465303761663934383664303336333934626239353832336233326330636364386231
3938336638363837363661633535313639643030326439390a613064323231373937303365643464
31366631386337623332323537643663656130613838343937636136303438633562623039613765
3237333334376438650a353764303333626165646236653731636531366636353036663539396532
38356530316630343930353966376530353635663962623464373730643033666563643636663163
63636333373462386239336532393437363734343534623665376162303132633961383030313439
65663031383538343066333730363939326435666139373762333363336335316332396532633161
31363233393332366634323635343836313465383231663832633332636338363930373637323564
65333064366366333165643038626633326332633861396364396637303166386430306232653938
37326663656362383061616633393564366132643465353139393962663630633361626662343062
63613463313336316466353437633532303938646231303162363065633035336130303331343532
65393562306430653631343330326364613839353139353930666536376339613937616430313139
30326466393739396333666130363631386561396234663761356435623565623264636539666633
32396464643163333439336638643030313232643338613638653363343165366239333335316634
31313866336534636338643261323966343233323965346435386361646661663365616261396364
65323961393631306134393361633865643364323937646663346562653830373333343631616337
33383466396437613632653630616662613163396666656537386632316336376139613934353337
30666466363761343762323135353736363764353932333035316465653964396332656632393963
39623631373436306631343765373236313062336535636138633437353663363165386530663839
33613330326138613937666162363139336639323835363566353964343235623266666163653738
31336661326338653731303931346630343535313161636365306663666335653234613939633232
33376438343737326261353863653334376430643166653539393031333763323730613438616461
66363466333631633763643934396466366637386631636135353764643163313563613766633730
34396234326231613536316537666162666366376538343030383436653563393266386132333631
36613135313538323131613734353739656333623035336232393534353839316637396136353664
36323233623234313333663533356665633261363839636133623936643734666363656139613464
66326263653537623638353838346366636130353061613162383364343761333236326537313733
63356236343761366434313530626461396361303562623636623163346434643337653537323861
61653532313463663635323163613335346363663363643236346664366134326236636137633938
37623961373538623334323638643963613630356531316366613033386633663933313433343732
34353165616439626333663237353263323664396333393330643231343630623338373031376134
65663465343135343966343861653331386163626531396566356434323738326631663866636365
62313635363661656137663530353338343261646130356263363562643466393933366464383563
3761376633633163626464313061306637306666393164616565
